71364.8359375
49072.69921875
48698.828125
47319.546875
48413.70703125
6414.96
6414.96
6414.96
6447.5
6590.61
8450.97
-19.4948
6.04607
6414.96
6447.5
6590.61
8450.97
-19.4948
6.04607
6414.96
6447.5
6590.61
8450.97
-19.4948
6.04607
6414.96
6447.5
6590.61
8450.97
-19.4948
6.04607
6414.96
6447.5
6590.61
8450.97
-19.4948
6.04607
6414.96
6447.5
6590.61
8450.97
-19.4948
6.04607
6414.96
6447.5
6590.61
8450.97
-19.4948
6.04607
6414.96
6447.5
6590.61
8450.97
-19.4948
6.04607
6414.96
6447.5
6590.61
8450.97
-19.4948
6.04607
6414.96
6447.5
6590.61
8450.97
-19.4948
6.04607
6414.96
6447.5
6590.61
8450.97
-19.4948
